alpha_0=0.303940
alpha_1=0.521563
alpha_2=0.174497
lambda_0=0.196133
lambda_1=0.052563
lambda_2=0.428678
lambda_3=0.005809
lambda_4=0.316816
num_layers=5
