alpha_0=0.000000
alpha_1=0.458198
alpha_2=0.541802
lambda_0=0.111543
lambda_1=0.410302
lambda_2=0.006391
lambda_3=0.249994
lambda_4=0.125294
lambda_5=0.096476
num_layers=6
