alpha_0=0.040889
alpha_1=0.346286
alpha_2=0.612825
lambda_0=0.138019
lambda_1=0.129717
lambda_2=0.114331
lambda_3=0.099104
lambda_4=0.061506
lambda_5=0.457322
num_layers=6
