alpha_0=0.000000
alpha_1=0.982384
alpha_2=0.017616
lambda_0=0.054643
lambda_1=0.097603
lambda_2=0.039701
lambda_3=0.682618
lambda_4=0.085492
lambda_5=0.039944
num_layers=6
