alpha_0=0.000000
alpha_1=0.500000
alpha_2=0.500000
lambda_0=0.290109
lambda_1=0.085814
lambda_2=0.290109
lambda_3=0.043859
lambda_4=0.000000
lambda_5=0.290109
num_layers=6
