alpha_0=0.000000
alpha_1=1.000000
alpha_2=0.000000
lambda_0=0.353962
lambda_1=0.170573
lambda_2=0.000000
lambda_3=0.000000
lambda_4=0.475465
num_layers=5
