alpha_0=0.000000
alpha_1=1.000000
alpha_2=0.000000
lambda_0=0.348414
lambda_1=0.147958
lambda_2=0.043552
lambda_3=0.060381
lambda_4=0.335151
lambda_5=0.064544
num_layers=6
