alpha_0=0.000000
alpha_1=1.000000
alpha_2=0.000000
lambda_0=0.539827
lambda_1=0.252472
lambda_2=0.045753
lambda_3=0.161948
num_layers=4
