alpha_0=0.000000
alpha_1=0.169368
alpha_2=0.830632
lambda_0=0.102691
lambda_1=0.168731
lambda_2=0.116566
lambda_3=0.513403
lambda_4=0.030989
lambda_5=0.067620
num_layers=6
