alpha_0=0.159564
alpha_1=0.131013
alpha_2=0.709423
lambda_0=0.162035
lambda_1=0.048783
lambda_2=0.085247
lambda_3=0.016637
lambda_4=0.476019
lambda_5=0.211279
num_layers=6
