alpha_0=0.020338
alpha_1=0.569731
alpha_2=0.409931
lambda_0=0.179286
lambda_1=0.390174
lambda_2=0.109845
lambda_3=0.004309
lambda_4=0.065885
lambda_5=0.250501
num_layers=6
